## Report

### Time measurements in seconds 

1.77742
1.77325
1.76398
1.82239
1.91264
1.9523
1.76474
1.78261
1.84959
1.76634
1.81214
1.86865
1.76485
1.76659
1.79313
1.88168
1.87938
2.16302
2.3025
1.78999
1.81241
2.04799
1.99789
2.04208
1.83317
1.87664
1.81268
1.90223
2.64743
1.86978
1.76664
1.79995
1.77304
1.7698
1.7962
2.26682
1.81594
2.23533
1.79271
1.7569
1.76835
1.76009
1.8578
1.8389
1.77662
1.77513
1.78145
1.78378
1.77322
1.77141
1.76806
1.7697
1.85689
1.7497
1.75165
1.78226
1.77358
1.7812
1.87529
1.82537
1.77402
1.76296
1.77047
1.78495
1.75593
1.78828
1.76688
1.76754
1.86805
1.77059
1.75579
1.77474
1.79573
1.79343
1.78467
1.78244
1.78601
1.76099
1.93263
1.94502
1.76588
2.01181
1.94186
1.80331
1.77538
1.76651
1.79529
1.81737
1.85496
1.89458
1.92294
1.76466
1.7626
1.77917
1.77153
1.76037
1.76373
1.79189
1.78055
1.87733


### Stats

mean 1.8394611
median 1.78548
std dev 0.1347913856

