## Report

### Time measurements in seconds 

1.77742
2.07295
2.1338
2.0362
2.11657
2.05825
2.03315
2.20585
2.18849
2.07537
2.04854
2.06508
2.37571
2.64545
2.10849
2.02647
2.0242
2.02715
2.03023
2.04869
2.02556
2.18266
2.06363
2.05127
2.02748
2.05154
2.03426
2.03621
2.05315
2.10825
2.05511
2.1389
2.03571
2.1594
2.08277
2.04751
2.06451
2.03519
2.07814
2.31375
2.06943
2.02159
2.02607
2.0258
2.14136
2.09405
2.03441
2.07259
2.06846
2.13879
2.068
2.05123
2.04629
2.0384
2.07295
2.15538
2.11681
2.13305
2.08294
2.16317
2.10058
2.06354
2.51245
2.12724
2.06857
2.08775
2.54313
2.07903
2.24778
2.03778
2.04407
2.13147
2.04654
2.09646
2.08016
2.0254
2.01728
2.20989
2.09941
2.04878
2.05039
2.02372
2.55326
2.60083
2.34272
2.2545
2.53967
2.06998
2.08676
2.05676
2.05918
2.05362
2.38652
2.19299
2.05429
2.06018
2.0345
2.2778
2.13596
2.08226
2.11937

### Stats

mean 2.1194703
median 2.069705
std dev 0.1405764063

